33
0 5
0 7
0 9
0 11
0 12
0 13
0 14
0 15
0 21
0 23
0 25
0 27
0 28
0 29
0 30
0 31
1 2
1 4
1 6
1 7
1 8
1 11
1 14
1 15
1 18
1 20
1 22
1 23
1 24
1 27
1 30
1 31
2 5
2 6
2 10
2 11
2 13
2 14
2 17
2 21
2 22
2 26
2 27
2 29
2 30
3 4
3 5
3 8
3 10
3 12
3 14
3 15
3 20
3 21
3 24
3 26
3 28
3 30
3 31
4 7
4 8
4 9
4 13
4 14
4 17
4 19
4 23
4 24
4 25
4 29
4 30
5 8
5 9
5 10
5 11
5 14
5 16
5 18
5 19
5 24
5 25
5 26
5 27
5 30
6 8
6 9
6 10
6 12
6 13
6 15
6 17
6 18
6 24
6 25
6 26
6 28
6 29
6 31
7 9
7 10
7 11
7 15
7 16
7 17
7 20
7 25
7 26
7 27
7 31
8 9
8 11
8 12
8 17
8 19
8 20
8 21
8 22
8 25
8 27
8 28
9 10
9 13
9 16
9 20
9 21
9 22
9 23
9 24
9 26
9 29
10 15
10 18
10 19
10 21
10 22
10 23
10 25
10 31
11 12
11 16
11 17
11 18
11 21
11 23
11 24
11 28
12 13
12 15
12 16
12 19
12 22
12 24
12 27
12 29
12 31
13 14
13 16
13 18
13 20
13 22
13 25
13 28
13 30
14 15
14 16
14 17
14 18
14 19
14 20
14 21
14 29
14 31
15 16
15 17
15 19
15 22
15 23
15 26
15 28
15 30
16 32
17 32
18 32
19 32
20 32
21 32
22 32
23 32
24 32
25 32
26 32
27 32
28 32
29 32
30 32
31 32
