21
0 1
0 2
0 3
0 4
0 5
0 6
0 7
0 8
0 9
0 10
0 11
0 12
0 13
0 14
0 15
0 16
0 17
1 2
1 3
1 4
1 5
1 6
1 7
1 8
1 9
1 18
1 19
2 3
2 4
2 5
2 10
2 11
2 12
2 13
2 20
3 6
3 7
3 10
3 11
3 14
3 15
3 20
4 6
4 8
4 10
4 12
4 16
4 17
4 18
4 19
4 20
5 8
5 9
5 11
5 13
5 14
5 16
5 18
5 19
5 20
6 9
6 12
6 14
6 15
6 16
6 18
7 8
7 9
7 10
7 13
7 15
7 17
7 18
7 19
7 20
8 11
8 15
8 16
8 17
8 19
9 12
9 13
9 14
9 17
9 18
10 13
10 14
10 16
10 17
10 20
11 12
11 14
11 15
11 17
11 19
11 20
12 13
12 15
12 17
12 18
12 20
13 15
13 16
13 18
13 20
14 16
14 17
14 18
14 19
15 16
15 19
15 20
16 19
16 20
17 18
17 19
18 19
18 20
19 20
