22
0 1
0 2
0 3
0 5
0 10
0 11
0 12
0 17
0 19
0 20
0 21
1 2
1 3
1 4
1 6
1 11
1 12
1 13
1 18
1 20
1 21
2 3
2 4
2 5
2 7
2 12
2 13
2 14
2 19
2 21
3 4
3 5
3 6
3 8
3 13
3 14
3 15
3 20
4 5
4 6
4 7
4 9
4 14
4 15
4 16
4 21
5 6
5 7
5 8
5 10
5 15
5 16
5 17
6 7
6 8
6 9
6 11
6 16
6 17
6 18
7 8
7 9
7 10
7 12
7 17
7 18
7 19
8 9
8 10
8 11
8 13
8 18
8 19
8 20
9 10
9 11
9 12
9 14
9 19
9 20
9 21
10 11
10 12
10 13
10 15
10 20
10 21
11 12
11 13
11 14
11 16
11 21
12 13
12 14
12 15
12 17
13 14
13 15
13 16
13 18
14 15
14 16
14 17
14 19
15 16
15 17
15 18
15 20
16 17
16 18
16 19
16 21
17 18
17 19
17 20
18 19
18 20
18 21
19 20
19 21
20 21
