8,9|1,2,3,4,5,6,7|0
1,2,3|6,7,8,9|0,4,5
1,2,3,9|6,7,8|0,4,5
5,6,7|1,2,3,8,9|0,4
2,8,9|0,4,5,6,7|1,3
1,2,3|0,4,5,6|7,8,9
0,4,9|1,2,8|3,5,6,7
0,4,5,9|1,2,3|6,7,8
0,4,7,9|1,2,3|5,6,8
0,6,7|1,2,3,9|4,5,8
1,2,3,9|0,4,7|5,6,8
1,2,3,9|4,5,6|0,7,8
1,2,3,9|4,6,7|0,5,8
4,6,9|1,2,3,8|0,5,7
0,4,5|1,3,6|2,7,8,9
1,8,9|0,4,6,7|2,3,5
5,8,9|0,4,6,7|1,2,3
1,2,9|0,4,5|3,6,7,8
1,2,3|0,5,9|4,6,7,8
5,6,9|1,2,3,4|0,7,8
0,5,9|1,2,3,4|6,7,8
6,7,8|1,2,3,4,9|0,5
0,5,7,8|3,6,9|1,2,4
5,7,9|1,2,3,4|0,6,8
5,7,8|1,2,3,4,9|0,6
5,6,8|1,2,3,4|0,7,9
5,6,8|1,2,3,4,9|0,7
5,6,7|1,2,3,4|0,8,9
3,8,9|0,4,5,6,7|1,2
1,2,3|0,4,5,8|6,7,9
1,2,3|4,5,6,7|0,8,9
1,2,3|0,7,9|4,5,6,8
1,2,3|0,5,6,9|4,7,8
3,4,5|0,6,7,8|1,2,9
1,2,3|0,5,7,9|4,6,8
1,2,9|0,4,5,6|3,7,8
1,2,9|0,4,7,8|3,5,6
0,7,8|1,2,9|3,4,5,6
0,5,7,8|4,6,9|1,2,3
0,6,9|1,2,3,4|5,7,8
7,8,9|1,2,3,4|0,5,6
1,2,3|0,4,8|5,6,7,9
1,2,3|0,4,5,7|6,8,9
2,8,9|0,4,5,6|1,3,7
5,6,7|1,2,3,9|0,4,8
4,5,7|1,2,3,9|0,6,8
0,5,6|1,3,7,9|2,4,8
6,8,9|1,2,3,4,5|0,7
8,9|1,2,3,4,5,6|0,7
0,4,6|1,2,3,9|5,7,8
0,6,8|1,2,9|3,4,5,7
1,2,3|0,5,6,7|4,8,9
2,3,4,5|0,6,7|1,8,9
0,5,7|1,2,3,4|6,8,9
0,5,6,7|3,4,8|1,2,9
