01110001010011100
01110001100010100
001000011010111001
001000011010111101
001000011010111111
001000011100100001
001000011100101001
001000011100110001
001000011100110101
001000011100111001
001000011100111101
001000011100111111
001000011110100001
001000011110101001
001000011110110001
001000011110110101
001000011110111001
001000011110111101
001000011110111111
001000011111100001
001000011111101001
001000011111110001
001000011111110101
001000011111111001
001000011111111101
001010010000100001
001010010000101001
001010010000110001
001010010000110101
001010010000111001
001010010000111101
001010010000111111
001010010100100001
001010010100101001
001010010100110001
001010010100110101
001010010100111001
001010010100111101
001010010100111111
001010011000100001
001010011000101001
001010011000110001
001010011000110101
001010011000111001
001010011000111101
001010011000111111
001010011010100001
001010011010101001
001010011010110001
001010011010110101
001010011010111001
001010011010111101
001010011010111111
001010011100100001
001010011100101001
001010011100110001
001010011100110101
001010011100111001
001010011100111101
001010011100111111
001010011110100001
001010011110101001
001010011110110001
001010011110110101
001010011110111001
001010011110111101
001010011111100001
001010011111101001
001010011111110001
001010011111110101
001010011111111001
001100010000100001
001100010000101001
001100010000110001
001100010000110101
001100010000111001
001100010000111101
001100010000111111
001100010100100001
001100010100101001
001100010100110001
001100010100110101
001100010100111001
001100010100111101
001100010100111111
001100011000100001
001100011000101001
001100011000110001
001100011000110101
001100011000111001
001100011000111101
001100011000111111
001100011010100001
001100011010101001
001100011010110001
001100011010110101
001100011010111001
001100011010111101
001100011010111111
001100011100100001
001100011100101001
001100011100110001
001100011100110101
001100011100111001
001100011100111101
001100011100111111
001100011110100001
001100011110101001
001100011110110001
001100011110110101
001100011110111001
001100011110111101
001100011111100001
001100011111101001
001100011111110001
001100011111110101
001100011111111001
001101010000100001
001101010000101001
001101010000110001
001101010000110101
001101010000111001
001101010000111101
001101010000111111
001101010100100001
001101010100101001
001101010100110001
001101010100110101
001101010100111001
001101010100111101
001101010100111111
001101011000100001
001101011000101001
001101011000110001
001101011000110101
001101011000111001
001101011000111101
001101011000111111
001101011010100001
001101011010101001
001101011010110001
001101011010110101
001101011010111001
001101011010111101
001101011100100001
001101011100101001
001101011100110001
001101011100110101
001101011100111001
001101011100111101
001101011100111111
001101011110100001
001101011110101001
001101011110110001
001101011110110101
001101011110111001
001101011111100001
001101011111101001
001101011111110001
001110010000100001
001110010000101001
001110010000110001
001110010000110101
001110010000111001
001110010000111101
001110010000111111
001110010100100001
001110010100101001
001110010100110001
001110010100110101
001110010100111001
001110010100111101
001110010100111111
001110011000100001
001110011000101001
001110011000110001
001110011000110101
001110011000111001
001110011000111101
001110011000111111
001110011010100001
001110011010101001
001110011010110001
001110011010110101
001110011010111001
001110011010111101
001110011010111111
001110011100100001
001110011100101001
001110011100110001
001110011100110101
001110011100111001
001110011100111101
001110011110100001
001110011110101001
001110011110110001
001110011110110101
001110011110111001
001110011111100001
001110011111101001
001110011111110001
001111010000100001
001111010000101001
001111010000110001
001111010000110101
001111010000111001
001111010000111101
001111010000111111
001111010100100001
001111010100101001
001111010100110001
001111010100110101
001111010100111001
001111010100111101
001111011000100001
001111011000101001
001111011000110001
001111011000110101
001111011000111001
001111011000111101
001111011010100001
001111011010101001
001111011010110001
001111011010110101
001111011010111001
001111011100100001
001111011100101001
001111011100110001
001111011100110101
001111011100111001
001111011110100001
001111011110101001
001111011110110001
001111011111100001
001111011111110001
001111110000100001
001111110000101001
001111110000110001
001111110000110101
001111110000111001
001111110000111101
001111110100100001
001111110100101001
001111110100110001
001111110100110101
001111110100111001
001111111000100001
001111111000101001
001111111000110001
001111111000110101
001111111000111001
001111111010100001
001111111010101001
001111111010110001
001111111100100001
001111111100101001
001111111100110001
001111111110100001
010000010000101001
010000010000111001
010000010100100001
010000010100101001
010000010100110001
010000010100110101
010000010100111001
010000011000101001
010000011000110001
010000011000110101
010000011000111001
010000011100100001
010000011100101001
010000011100110001
010000011100111001
011000010000100001
011000010000101001
011000010000110001
011000010000110101
011000010000111001
011000010100100001
011000010100101001
011000010100110001
011000010100110101
011000010100111001
011000011000100001
011000011000101001
011000011000110001
011000011000110101
011000011000111001
011000011010110001
011000011100100001
011000011100101001
011000011100110001
011000011100110101
011000011100111001
011010000000100001
011010000000101001
011010000000110001
011010000000110101
011010000000111001
011010010000100001
011010010000101001
011010010000110001
011010010000110101
011010010000111001
011010010100000001
011010010100100001
011010010100101001
011010010100110001
011010010100111001
011010011000000001
011010011000100001
011010011000101001
011010011000110001
011010011000110101
011010011000111001
011010011100000001
011010011100100001
011010011100110001
011100000000101001
011100000000110001
011100000000110101
011100000000111001
011100010000100001
011100010000101001
011100010000110001
011100010000110101
011100010000111001
011100010100000001
011100010100100001
011100010100101001
011100010100110001
011100010100110101
011100011000000001
011100011000100001
011100011000110001
011100011000110101
011100011000111001
011100011010110001
011100011100000001
011100011100100001
011100011100101001
011100011100110001
011100011100110101
011100011100111001
011110000000100001
011110000000101001
011110000000110001
011110000000111001
011110010000100001
011110010000101001
011110010000110001
011110010000110101
011110010000111001
011110011000000001
011110011000100001
011110011000101001
011110011000110001
001000010000110001111
001000010000111001111
001000010100100001111
001000010100101001111
001000010100110001111
001000010100110101111
001000010100111001111
001000011000100001111
001000011000101001111
001000011000110001111
001000011000110101111
001000011000111001111
001000011010100001111
001000011010101001111
001000011010110001111
001000011010110101111
0010000100001100011010
0010000100001100011100
0010000100001101010100
0010000100001101011000
0010000100001101011010
0010000100001101011100
0010000100001101011110
0010000100001110010100
0010000100001110011000
0010000100001110011010
0010000100001110011100
0010000100001111010100
0010000100001111011000
0010000100001111011010
0010000100001111011100
0010000100001111110100
0010000100001111111000
0010000100001111111010
0010000100001111111100
0010000101001000011010
0010000101001000011100
0010000101001010011000
0010000101001010011010
0010000101001010011100
0010000101001100010000
0010000101001100010100
0010000101001100011000
0010000101001100011010
0010000101001100011100
0010000101001101010000
0010000101001101010100
0010000101001101011000
0010000101001101011010
0010000101001101011100
0010000101001110010000
0010000101001110010100
0010000101001110011000
0010000101001110011010
0010000101001110011100
0010000101001111010000
0010000101001111010100
0010000101001111011000
0010000101001111011010
0010000101001111011100
0010000101001111011110
0010000101001111110000
0010000101001111110100
0010000101001111111000
0010000101001111111010
0010000101001111111100
0010000110001000011010
0010000110001000011100
0010000110001010010100
0010000110001010011000
0010000110001010011010
0010000110001010011100
0010000110001100010100
0010000110001100011010
0010000110001100011100
0010000110001101010000
0010000110001101010100
0010000110001101011000
0010000110001101011010
0010000110001101011100
0010000110001110010000
0010000110001110010100
0010000110001110011000
0010000110001110011010
0010000110001110011100
0010000110001111010000
0010000110001111010100
0010000110001111011000
0010000110001111011010
0010000110001111011100
0010000110001111011110
0010000110001111110000
0010000110001111110100
0010000110001111111000
0010000110001111111010
0010000110001111111100
0010000110101000010100
0010000110101000011000
0010000110101000011010
0010000110101000011100
0010000110101010010000
0010000110101010010100
0010000110101010011000
0010000110101010011010
0010000110101010011100
0010000110101100010000
0010000110101100010100
0010000110101100011000
0010000110101100011010
0010000110101100011100
0010000110101101010000
0010000110101101010100
0010000110101101011000
0010000110101101011010
0010000110101101011100
