29
0 1
0 2
0 4
0 5
0 10
0 12
0 17
0 19
0 24
0 25
0 27
0 28
1 2
1 3
1 5
1 6
1 11
1 13
1 18
1 20
1 25
1 26
1 28
2 3
2 4
2 6
2 7
2 12
2 14
2 19
2 21
2 26
2 27
3 4
3 5
3 7
3 8
3 13
3 15
3 20
3 22
3 27
3 28
4 5
4 6
4 8
4 9
4 14
4 16
4 21
4 23
4 28
5 6
5 7
5 9
5 10
5 15
5 17
5 22
5 24
6 7
6 8
6 10
6 11
6 16
6 18
6 23
6 25
7 8
7 9
7 11
7 12
7 17
7 19
7 24
7 26
8 9
8 10
8 12
8 13
8 18
8 20
8 25
8 27
9 10
9 11
9 13
9 14
9 19
9 21
9 26
9 28
10 11
10 12
10 14
10 15
10 20
10 22
10 27
11 12
11 13
11 15
11 16
11 21
11 23
11 28
12 13
12 14
12 16
12 17
12 22
12 24
13 14
13 15
13 17
13 18
13 23
13 25
14 15
14 16
14 18
14 19
14 24
14 26
15 16
15 17
15 19
15 20
15 25
15 27
16 17
16 18
16 20
16 21
16 26
16 28
17 18
17 19
17 21
17 22
17 27
18 19
18 20
18 22
18 23
18 28
19 20
19 21
19 23
19 24
20 21
20 22
20 24
20 25
21 22
21 23
21 25
21 26
22 23
22 24
22 26
22 27
23 24
23 25
23 27
23 28
24 25
24 26
24 28
25 26
25 27
26 27
26 28
27 28
